1 0	0	0	0	0	0	0	0
2 17034	0	80844	0	124272	0	124511	0
3 125568	0	142285	0	153925	0	148943	0
4 145082	0	142374	0	144817	0	130480	0
5 127606	0	125450	0	141532	0	133402	0
6 118076	0	149735	0	130922	0	116278	0
7 134784	0	172687	0	164714	0	87300	0
8 88134	0	113378	0	97335	0	102117	0
9 115086	0	87957	0	48013	0	80247	0
10 110591	0	124441	0	131309	0	86161	0
11 85722	0	139893	0	147263	0	155772	0
12 118851	0	91270	0	134372	0	160717	0
13 137618	0	91406	0	114123	0	147466	0
14 193947	0	178865	0	105461	0	133224	0
15 171142	0	184056	0	202566	0	134929	0
16 73117	0	43045	0	111636	0	190428	0
17 118615	0	56352	0	16869	0	54890	0
18 71773	31	50374	31	32288	0	43109	0
19 73167	0	29453	0	41484	0	76030	0
20 64029	0	118033	0	154147	0	73285	0
21 65784	0	72318	0	97383	0	96135	0
22 80402	0	103488	0	72807	0	107164	0
23 128837	0	75768	0	87803	0	150853	0
24 127356	0	72456	0	25106	0	51321	0
25 103376	0	118358	0	65519	0	138773	0
26 160425	0	69265	0	68052	0	47658	0
27 126421	0	112594	0	49420	0	167547	0
28 162333	0	38481	0	132586	0	222692	0
29 128418	0	26662	0	64232	0	69984	0
30 66287	0	117506	0	93353	0	67405	0
31 103243	0	129862	0	89668	0	67812	0
32 103042	0	69346	0	3032	0	80066	0
33 107349	0	32556	0	30593	0	108976	0
34 113789	0	35698	0	0	0	43347	0
35 174399	0	168031	0	96754	0	161608	0
36 158284	0	108464	0	102432	0	114291	0
37 124825	0	114328	0	124914	0	128092	0
38 126945	0	138959	0	134549	0	84748	0
39 58664	0	44817	0	67371	0	106165	0
40 84225	0	79819	0	78754	0	81855	0
41 71652	0	67566	0	99478	0	117781	0
42 131119	0	130844	0	89869	0	71823	32
43 122699	32	153521	0	112237	0	90674	0
44 106910	0	149322	0	163400	0	158211	0
45 83134	0	1608	0	23382	0	37639	0
46 14949	0	15168	0	14582	0	46925	0
47 49030	0	128	0	30724	0	56709	0
48 65312	0	40119	30	58850	32	67380	0
49 67502	0	101808	0	47290	0	88443	0
50 163402	0	84165	0	59847	0	146211	0
51 147772	0	96663	0	120438	0	147526	0
52 125094	0	55773	0	109260	0	209774	0
53 180855	0	123529	0	72764	0	105236	31
54 144288	31	85792	0	98679	0	107921	0
55 95284	0	99276	0	60355	0	100938	0
56 134398	0	108989	0	114946	0	152879	0
57 165231	0	104240	0	44155	0	72844	0
58 157082	0	211934	0	208997	0	137163	0
59 71882	31	99888	31	140533	0	141695	0
60 135796	0	79924	0	64742	0	126474	0
61 130837	0	90097	0	28383	0	56237	0
62 153615	0	192725	0	163323	0	66524	0
63 80128	0	172366	0	120106	0	75090	0
64 81146	0	104339	0	127434	142	66973	310
65 75736	170	149953	12128	110453	15265	59293	3104
66 100399	62	131454	0	131786	14712	96705	29240
67 31719	14516	55595	0	165880	0	215452	0
68 154981	24057	69661	37912	37859	13740	51418	0
69 34486	55973	204	96861	15052	85096	14654	87568
70 0	83987	29708	84177	29704	54178	1471	84535
71 36504	143295	34198	108166	0	122648	0	123631
72 2926	93286	21215	75760	40442	101216	22212	81264
73 33	115623	66053	150260	150781	37090	99932	202
74 81636	142	146295	70	79142	15326	89723	15247
75 193616	0	134454	62	29873	29748	72520	29451
76 157869	32	175193	74	177030	74	89234	38398
77 68542	38010	139935	0	127917	74	54282	73
78 68	55420	125	53620	58	75289	31	137859
79 31	114915	0	86748	0	94234	0	76759
80 0	62733	0	115358	0	82797	0	57024
81 0	89280	0	93322	0	65352	71	82316
82 71	181165	0	242155	0	208625	0	146226
83 0	140016	0	170008	0	123880	136	31318
84 264	75602	232	185871	15143	146339	14929	55091
85 62	121738	0	230889	9132	220946	30273	91455
86 21238	46435	0	182982	0	265714	0	205701
87 19810	158400	38031	83281	18302	0	0	0
88 57483	268	56439	262	23849	322	85646	15412
89 60214	14747	0	0	68295	61	126662	26599
90 59318	30021	69178	3187	166710	116	124555	45208
91 28245	59400	57071	15018	99942	7508	41343	59365
92 0	58336	63	49809	62	84867	0	100033
93 0	94646	0	82656	0	130984	0	87965
94 0	22249	0	83919	0	157753	0	123631
95 0	31225	31	17551	32	47099	0	77731
96 0	115582	0	181702	0	139593	0	29292
97 0	81633	0	173835	0	126749	0	68952
98 0	78938	0	57197	0	51725	0	81871
99 0	67538	0	80330	0	68266	0	46386
100 0	63365	0	55844	0	31392	0	55265
101 31	125715	32	167937	0	128713	0	90479
102 0	100162	0	66638	0	83033	0	110988
103 0	66842	0	16557	0	30857	0	80047
104 0	95400	0	65657	0	25891	0	56048
105 0	98681	0	111605	0	84971	0	22393
106 0	4340	0	47428	31	131949	32	209671
107 0	249703	0	248727	0	191138	0	95638
108 0	114072	0	143437	0	71760	0	101611
109 0	167756	0	117985	0	97456	0	198121
110 0	184980	0	77929	0	134946	0	196095
111 0	120308	0	104750	0	106042	0	34949
112 0	29383	31	57360	31	31357	0	45899
113 0	72398	0	30079	0	40846	0	49369
114 0	44800	0	35380	0	7364	0	73639
115 0	118858	0	65273	0	165487	0	174502
116 0	88990	0	124890	0	124335	0	98829
117 0	119311	0	144893	0	108910	0	61638
118 31	30838	30	53156	0	121650	0	161466
119 0	146380	0	132828	0	73015	0	40783
120 0	42993	0	95887	0	176554	0	158780
121 0	72025	0	6075	0	1761	0	102540
122 0	152362	0	143871	0	159606	0	135754
123 0	137872	0	93221	0	29711	31	58937
124 31	101299	0	154048	0	182580	0	162214
125 0	110471	0	92043	0	124746	0	113190
126 138	88971	136	101642	68	140130	15022	75754
127 15103	81080	0	137504	64	139091	30857	89520
128 30822	61321	0	98737	0	116109	38409	70950
129 59506	34613	21771	97708	0	112713	16838	115252
130 64131	73366	46416	65879	0	104573	0	76315
131 0	73607	26209	92034	94918	48140	69484	19616
132 211	77028	140	98327	0	81603	4840	98822
133 77487	105114	155427	46126	82428	18340	0	79315
134 0	98971	17809	38159	106889	0	87625	1504
135 0	41972	44828	41015	61345	1581	92826	1554
136 98074	61	106317	60	128957	30	79753	31
137 99103	0	120588	0	77381	0	152945	0
138 172540	0	129776	0	198382	0	194310	0
139 91428	0	99986	0	186438	0	193753	0
140 123560	0	94149	0	67539	0	142	0
141 5953	0	51058	0	93439	0	69702	0
142 40764	0	18922	0	5498	0	14116	0
143 11000	0	0	0	0	0	59	0
144 63744	30	86463	32	47624	0	65550	0
145 81263	0	85954	0	44515	0	0	0
146 0	0	134	0	130	0	34794	0
147 79382	0	81365	0	45957	0	22081	0
148 33981	0	80503	0	152210	0	119483	0
149 36510	0	7694	0	88891	0	90304	0
150 59138	0	69247	0	87500	0	119037	0
151 58152	0	72939	0	128757	0	88822	0
152 108709	0	151270	0	125396	0	127205	0
153 155107	0	102373	0	54413	0	103519	0
154 101528	0	102126	0	174555	0	128892	0
155 33033	0	55590	0	77079	0	94675	0
156 117936	0	137600	0	166680	0	164968	0
157 106693	0	38752	0	31870	0	80684	0
158 96084	0	62667	0	18967	0	0	0
159 50596	0	157174	0	132881	0	23026	0
160 62	0	1564	0	46620	0	74973	0
161 31003	0	64	0	64	0	0	0
162 0	0	0	0	0	0	0	0
163 0	0	0	0	0	0	0	0
164 0	0	0	0	0	0	0	0
165 0	0	0	0	0	0	0	0
166 0	0	0	0	0	0	0	0
167 0	0	0	0	0	0	0	0
168 0	0	0	0	0	0	0	0
169 0	0	0	0	0	0	0	0
170 0	0	0	0	0	0	0	0
171 0	0	0	0	0	0	0	0
172 0	0	0	0	0	0	0	0
173 0	0	0	0	0	0	0	0
174 0	0	0	0	0	0	0	0
175 0	0	0	0	0	0	0	0
176 0	0	0	0	0			
