1 0	0	0	0
2 0	0	0	0
3 0	0	0	0
4 0	0	0	0
5 0	0	0	0
6 0	2583	0	0
7 2585	7543	0	0
8 7548	10522	0	0
9 10522	10587	0	0
10 10657	10659	0	0
11 10659	10837	0	0
12 10783	10673	0	0
13 10673	10704	0	0
14 10695	10541	0	0
15 10542	10503	0	0
16 10493	10781	0	0
17 10781	10618	0	0
18 10689	10622	0	0
19 10622	10853	0	0
20 10782	10573	0	0
21 10620	10617	0	0
22 10556	10594	0	0
23 10548	10560	0	0
24 10623	10770	0	0
25 10770	10545	0	0
26 10545	10547	0	0
27 10547	10756	0	0
28 10756	10533	0	0
29 10603	10701	0	0
30 10710	10550	0	0
31 10482	10621	0	0
32 10612	10968	0	0
33 10906	10562	0	0
34 10562	10742	0	0
35 10804	10848	0	0
36 10848	10219	0	0
37 10290	10526	0	0
38 10526	10825	0	0
39 10824	10585	0	0
40 10585	10815	0	0
41 10744	10603	0	0
42 10603	10517	0	0
43 10517	10779	0	0
44 10779	10696	0	0
45 10620	10680	0	0
46 10680	10643	0	0
47 10720	10527	0	0
48 10528	10697	0	0
49 10635	10694	0	0
50 10694	10747	0	0
51 10808	10870	0	0
52 10870	10443	0	0
53 10514	10545	0	0
54 10545	10915	0	0
55 10834	10441	0	0
56 10441	10519	0	0
57 10527	10620	0	0
58 10691	10372	0	0
59 10372	10719	0	0
60 10648	11015	0	0
61 11015	10769	0	0
62 10769	10653	0	0
63 10652	10394	0	0
64 10466	10473	0	0
65 10545	11023	0	0
66 10951	10651	0	0
67 10580	10401	0	0
68 10401	10848	0	0
69 10848	10609	0	0
70 10609	10550	0	0
71 10550	10572	0	0
72 10642	14307	0	0
73 14307	19412	0	0
74 19412	20253	0	0
75 20262	20312	919	0
76 21161	20093	1932	0
77 22017	19621	2009	0
78 21631	18871	1924	65
79 20867	19129	1903	64
80 21030	20016	1909	0
81 21855	19772	1720	0
82 21586	21983	805	0
83 22852	22037	2254	0
84 24274	16254	7965	0
85 24224	13118	11310	0
86 24355	12780	11022	0
87 23802	12527	10834	0
88 23299	12768	11021	0
89 23653	12802	11114	0
90 23915	13011	11252	0
91 24321	15818	9987	0
92 25934	18904	8077	0
93 26982	22342	4451	0
94 26721	26903	613	0
95 27394	27365	0	0
96 27303	27109	0	0
97 27237	29058	0	0
98 29194	25592	0	0
99 25529	25485	0	0
100 25411	28670	0	0
101 28607	28865	0	0
102 28931	30486	0	0
103 30616	29940	0	0
104 29755	28478	0	0
105 28469	28680	0	0
106 28882	26992	0	0
107 26879	17621	0	0
108 17779	16900	0	0
109 17116	24630	0	0
110 24440	27741	0	0
111 27580	29306	0	0
112 29339	29886	0	0
113 29904	30409	0	0
114 30578	32556	0	0
115 32640	32017	0	0
116 31781	31311	0	0
117 31212	32314	0	0
118 32343	31099	0	0
119 30976	29152	0	0
120 29124	29152	0	0
121 29277	29591	0	0
122 29528	29781	0	0
123 29842	30845	0	0
124 30874	31073	0	0
125 30890	33086	0	0
126 33057	33715	0	0
127 33905	31001	0	0
128 31108	30579	0	0
129 30475	30398	1612	0
130 31950	29680	3330	0
131 32930	30465	3474	0
132 34194	29418	3542	0
133 33159	29029	3378	0
134 32319	30194	3517	0
135 33571	24629	2678	0
136 28158	21828	2081	0
137 24300	25174	2830	0
138 27420	27486	4791	0
139 31810	27537	6365	0
140 33775	27499	6015	0
141 33804	28650	5812	0
142 34366	27693	5959	0
143 33324	26618	6019	0
144 32530	28416	5692	0
145 34525	29240	5545	0
146 34635	28165	5552	0
147 33463	29883	4977	0
148 35281	35815	4521	0
149 40752	40285	4625	0
150 44636	39509	4898	0
151 44008	37674	4514	0
152 42948	37118	4175	0
153 41431	38716	4337	0
154 42115	40151	4740	0
155 44499	37934	5074	0
156 44395	32599	3879	0
157 36728	28102	1369	0
158 28300	28433	0	0
159 28433	29688	0	0
160 29625	28457	0	0
161 28392	27584	0	0
162 27647	28984	0	0
163 29046	30574	0	0
164 30576	27043	2266	0
165 29309	20482	6764	0
166 27247	25791	6414	0
167 32207	35967	2036	0
168 38005	34335	3445	0
169 37952	29145	8980	0
170 38063	29372	11746	0
171 40944	29299	11701	0
172 41064	29148	11730	0
173 40885	29549	12005	0
174 41553	28595	11109	0
175 39806	27845	10361	0
176 38205	27859	10328	0
177 38087	28020	10496	0
178 38516	27413	9919	0
179 37332	27621	8282	0
180 35902	34862	3421	0
181 38162	37899	1819	0
182 39720	30585	6552	0
183 37442	29596	7395	0
184 36991	38677	2663	0
185 41609	47619	2061	0
186 49681	46945	5711	0
187 52435	47046	4551	0
188 51537	51568	961	0
189 52456	52998	0	0
190 53219	45197	6193	3188
191 54581	24343	18493	9390
192 52266	23916	17897	8921
193 50527	43234	5678	2758
194 51476	53475	0	0
195 53638	54579	0	0
196 54864	52347	0	0
197 52664	52667	0	0
198 52297	54192	0	0
199 53763	52680	1493	756
200 55181	31061	13839	6723
201 51503	16089	22537	11365
202 49909	34882	10146	5371
203 50338	50658	0	0
204 50481	56454	0	0
205 56730	48891	5888	5203
206 60564	22131	15212	15377
207 53107	10187	22330	22818
208 55007	13762	24610	24621
209 62977	12715	24003	24190
210 60729	12142	23630	23694
211 58943	12948	23705	23257
212 60157	12942	23931	24107
213 61716	11898	23151	24180
214 59050	12364	23693	24069
215 59486	13623	24866	23575
216 62133	13769	24512	24188
217 62347	13836	23286	25442
218 62679	14296	24097	24757
219 63450	14465	25129	24344
220 63828	14075	24351	24182
221 63235	13171	24440	24427
222 61929	12964	26385	23980
223 62434	13055	30071	23045
224 66786	12766	33855	22103
225 68869	13014	34763	22084
226 69187	13121	33588	23182
227 70622	12686	33190	22240
228 68380	13066	33114	23029
229 68626	12916	33355	24520
230 70521	12431	33775	22080
231 68924	12012	33657	21944
232 68010	12601	34656	22668
233 69031	14171	34660	23230
234 71847	14327	35073	23541
235 73069	14432	34584	23401
236 73449	14620	35003	23281
237 72613	14908	36100	23017
238 72874	13593	33020	21782
239 68854	12502	33301	22125
240 69011	13988	37073	22952
241 73562	14729	40809	22410
242 76818	14969	43805	22965
243 81810	15644	44676	22496
244 83357	14925	44470	22063
245 82590	14266	45037	22041
246 80853	14600	45677	22465
247 82335	14766	44026	22418
248 81419	14571	44291	21948
249 80004	14878	45561	22206
250 82873	14827	44295	23154
251 82532	14427	43749	23699
252 82288	14823	43546	23936
253 82195	14426	44102	23144
254 81018	13006	43875	21637
255 78684	11604	43213	20351
256 75447	12096	44042	20313
257 76849	12875	43670	21223
258 78471	12311	41906	22261
259 77713	11675	42507	22055
260 75439	12156	43265	25249
261 80086	13466	43032	31412
262 87984	13730	43163	32661
263 88249	13685	42881	32569
264 89532	12513	41905	32234
265 88157	11116	41620	31445
266 83282	11576	41130	31823
267 84455	12566	40740	31640
268 86313	13371	43268	31601
269 87955	13284	42846	31763
270 86847	13795	42601	32069
271 88963	14165	44172	32480
272 90135	13658	42346	32658
273 87914	13295	42331	32267
274 89318	13324	42726	32603
275 88220	12949	41746	32884
276 86599	12566	42660	31714
277 86476	12572	42134	31595
278 86813	12164	40286	31217
279 84006	12323	40514	36483
280 90320	12999	41728	42133
281 97015	13299	43187	41021
282 96049	13744	42990	41400
283 98800	14015	41446	42962
284 98480	14145	42912	39956
285 96810	14382	42658	41475
286 98623	14347	42484	45217
287 101266	14293	42716	42152
288 99577	13845	40473	41820
289 95962	13993	42325	43114
290 99465	14349	43976	42387
291 100705	14349	42184	41555
292 97770	14324	42624	40827
293 98294	14092	43417	41493
294 99114	13632	42694	41544
295 98040	11985	41412	40049
296 94314	11072	40515	40033
297 93716	12480	42825	42393
298 97495	12998	46194	42681
299 100545	13469	51035	40702
300 104483	14077	52958	41201
301 107450	14072	51241	40919
302 105461	14820	51196	40792
303 108056	15008	48797	44332
304 111574	14179	51088	44432
305 107733	13825	53932	41834
306 107707	13929	50790	41437
307 107864	13329	51900	41162
308 105720	14403	53819	42109
309 109726	15258	52550	41995
310 109755	14119	50743	41129
311 105188	13753	50864	39460
312 106252	13847	52941	39332
313 107438	13591	51382	44197
314 106828	12761	49686	42953
315 104335	12353	51421	39027
316 104156	11495	54905	38956
317 106100	11480	58399	40245
318 109164	11990	58480	38990
319 110597	11076	59014	38098
320 109327	10288	59020	39287
321 109045	9604	59338	38322
322 107946	9975	59044	40088
323 109324	11668	58419	42255
324 112531	11974	58976	39734
325 111793	11564	59932	40047
326 109856	12938	62431	40438
327 111997	14878	60929	39391
328 116131	14308	61187	41029
329 116915	12493	61193	39276
330 113948	12120	59066	39886
331 113305	13619	59601	42082
332 113410	14444	61155	42372
333 115670	13856	63390	40656
334 118931	11735	48636	28527
335 88255	9483	22759	9341
336 39270	10572	11867	0
337 22376	17799	5363	0
338 23161	24649	0	0
339 24649	25288	0	0
340 25288	20604	3744	0
341 24412	14704	8720	0
342 23499	17578	5682	0
343 23334	23390	752	0
344 24072	20068	4698	0
345 24694	14196	9685	0
346 23881	13127	9414	0
347 22541	13029	9243	0
348 22397	19053	4706	0
349 23759	24054	318	0
350 24250	18610	5254	0
351 23865	13747	9999	0
352 23747	13035	9384	0
353 22531	13570	8528	0
354 22097	14165	5263	0
355 19318	11059	2027	0
356 13088	9274	1233	0
357 10507	10148	282	0
358 10430	10605	0	0
359 10604	10883	0	0
360 10884	10576	0	0
361 10576	10603	0	0
362 10603	10771	0	0
363 10743	10651	0	0
364 10651	10590	0	0
365 10618	10768	0	0
366 10768	10810	0	0
367 10810	10290	0	0
368 10290	10574	0	0
369 10574	10859	0	0
370 10930	10441	0	0
371 10512	10463	0	0
372 10392	10902	0	0
373 10831	10628	0	0
374 10628	10662	0	0
375 10662	10769	0	0
376 10840	10447	0	0
377 10447	10645	0	0
378 10576	10766	0	0
379 10766	10577	0	0
380 10576	10583	0	0
381 10583	10793	0	0
382 10793	10576	0	0
383 10648	10629	0	0
384 10629	10870	0	0
385 10748	10647	0	0
386 10648	10426	0	0
387 10477	10794	0	0
388 10794	10981	0	0
389 10918	10509	0	0
390 10509	10452	0	0
391 10586	10652	0	0
392 10528	10622	0	0
393 10622	10741	0	0
394 10866	10624	0	0
395 10552	10620	0	0
396 10692	10657	0	0
397 10799	10506	0	0
398 10435	10904	0	0
399 10762	10592	0	0
400 10592	10308	0	0
401 10378	10852	0	0
402 10852	10702	0	0
403 10693	10732	0	0
404 10732	10645	0	0
405 10584	10422	0	0
406 10420	10661	0	0
407 10660	10841	0	0
408 10843	10796	0	0
409 10797	10287	0	0
410 10358	10560	0	0
411 10560	10807	0	0
412 10807	10630	0	0
413 10630	10682	0	0
414 10612	10754	0	0
415 10634	10549	0	0
416 10551	10507	0	0
417 10623	10744	0	0
418 10744	10579	0	0
419 10579	10524	0	0
420 10597	8183	0	0
421 8183	8792	0	0
422 8723	11318	0	0
423 11317	10691	0	0
424 10762	10479	0	0
425 10480	10822	0	0
426 10750	10679	0	0
427 10752	10407	0	0
428 10407	10815	0	0
429 10740	7345	0	0
430 7338	1653	0	0
431 1652	0	0	0
432 0	0	0	0
433 0	0	0	0
434 0	0	0	0
435 0	0	0	0
436 0	0	0	0
437 0	0	0	0
438 0	0	0	0
439 0	0		
