1 0	0
2 0	0
3 0	0
4 0	0
5 142806	0
6 349876	60509
7 359639	128462
8 311906	132212
9 281926	140725
10 255430	173000
11 308876	185003
12 340590	202910
13 344933	244971
14 364668	253025
15 345682	261540
16 339052	257853
17 322678	252730
18 304421	237960
19 333059	238259
20 338753	275260
21 328719	256922
22 287876	242608
23 291025	226691
24 315526	208746
25 307228	224181
26 295241	277071
27 281811	295284
28 309447	234362
29 280427	233442
30 316386	182968
31 295253	255678
32 293929	250113
33 354710	163967
34 243478	252337
35 243957	214760
36 252504	202647
37 259713	201146
38 303752	238780
39 275100	295405
40 310275	153261
41 247870	79473
42 82417	186180
43 97244	217353
44 338383	215634
45 399034	174813
46 265097	164651
47 273727	224680
48 215332	202094
49 189637	102477
50 318289	72895
51 281399	257137
52 267768	286351
53 299672	165665
54 194245	255427
55 216426	216850
56 361155	34504
57 303646	58614
58 191629	147655
59 229085	200783
60 303478	194889
61 364962	180711
62 303126	188559
63 197457	194103
64 113333	261528
65 153010	229173
66 176505	154107
67 103419	146471
68 95330	172644
69 162310	234420
70 220647	325981
71 271383	318957
72 256780	183289
73 107150	171852
74 72144	169667
75 95547	168904
76 255086	212522
77 428502	239107
78 323037	252418
79 198501	223587
80 207127	215350
81 233194	188931
82 230370	155698
83 204135	162621
84 235305	203701
85 267291	260095
86 252261	216186
87 257374	161082
88 214695	194969
89 271013	148775
90 334711	160682
91 297587	217740
92 274505	201014
93 230179	156565
94 172531	185604
95 158992	185146
96 130106	166283
97 184572	177739
98 277386	96685
99 247699	136997
100 260782	172480
101 223554	156015
102 198113	131672
103 205411	141884
104 175048	204862
105 195347	242255
106 320828	174959
107 293714	113171
108 210809	128969
109 197245	107687
110 118615	102136
111 149348	69723
112 213296	106950
113 161074	245088
114 171467	307165
115 330674	205926
116 284834	86408
117 213691	117682
118 217827	177809
119 227620	170350
120 271643	195342
121 207921	281125
122 178327	266651
123 223304	155668
124 214793	142530
125 222221	127599
126 244683	141472
127 295227	174159
128 358387	139564
129 197174	290103
130 116263	347760
131 205276	176229
132 188396	137239
133 221926	111933
134 256900	110847
135 261378	159697
136 297783	145104
137 187032	261619
138 99320	331251
139 160059	262275
140 210555	166662
141 212019	101365
142 232672	109212
143 226964	143426
144 275307	111611
145 229611	146472
146 117678	293446
147 168420	304295
148 216394	190703
149 229174	129690
150 224693	141107
151 157150	174741
152 157590	116499
153 270179	37163
154 263964	160108
155 135444	292149
156 159600	261190
157 239302	167672
158 281401	155342
159 310321	182108
160 382791	111457
161 418556	48838
162 234223	156697
163 148816	224961
164 221996	162468
165 348725	71978
166 291878	132867
167 197766	213642
168 300329	87388
169 284387	17512
170 300417	49041
171 327207	195146
172 328437	251805
173 304479	153896
174 347969	65733
175 369083	4866
176 251058	76817
177 309693	138599
178 397521	64278
179 341181	45072
180 308322	64372
181 243936	116728
182 268206	170463
183 331399	103721
184 340920	30231
185 359774	100424
186 322788	172704
187 365085	108152
188 278836	69046
189 161312	70169
190 138981	127676
191 229649	132045
192 419249	71500
193 416687	45547
194 302693	113240
195 304958	183002
196 361340	100260
197 313988	101275
198 184039	172646
199 134844	106477
200 145877	36099
201 215045	67271
202 284242	52499
203 383618	81148
204 525930	93585
205 464131	57120
206 312829	163553
207 234612	159078
208 211506	82535
209 235618	97983
210 282522	55622
211 209024	83967
212 194038	138361
213 292818	58535
214 272829	250
215 364908	54489
216 417498	161792
217 353767	138802
218 263997	73503
219 122352	86140
220 208963	56837
221 237397	80515
222 179789	90861
223 447551	24001
224 540944	60852
225 407547	125910
226 395467	126941
227 358500	81037
228 287146	68509
229 248478	53435
230 290509	21903
231 380249	16056
232 336381	117332
233 284630	131415
234 354554	52905
235 314843	66509
236 309853	45943
237 394177	59856
238 308484	127960
239 270454	93332
240 345081	33569
241 293925	63731
242 279345	81734
243 320562	115840
244 349530	106906
245 412560	65554
246 338440	131440
247 250644	129879
248 291210	84841
249 265523	100931
250 212004	110558
251 287484	137837
252 394111	107238
253 303672	78280
254 195121	113000
255 134422	145420
256 187805	114210
257 327482	123037
258 297421	130724
259 294304	91212
260 342235	51834
261 307215	87249
262 330257	180398
263 378632	195757
264 292842	203350
265 192198	139372
266 187299	69040
267 212015	68524
268 240840	58154
269 342330	92482
270 320540	163159
271 299117	220502
272 310331	183231
273 227729	165005
274 181162	149449
275 153655	74110
276 157171	41491
277 119488	43140
278 152106	42108
279 298443	64604
280 373610	197550
281 383285	220606
282 331299	158396
283 204610	163421
284 145200	112353
285 197522	51084
286 200097	60855
287 213897	45064
288 321560	53846
289 321317	168123
290 274377	258790
291 314333	213760
292 276405	141670
293 203892	89264
294 209701	60783
295 238629	43730
296 229715	40303
297 179861	105983
298 253931	127366
299 284437	150776
300 218710	201016
301 220831	216853
302 211480	173211
303 214418	128916
304 240681	82150
305 238468	47134
306 199523	158457
307 141262	244581
308 191562	277147
309 280349	224078
310 228812	92293
311 212684	42889
312 222381	71927
313 198785	204816
314 192984	312447
315 197881	246520
316 214220	225845
317 223225	230852
318 226428	119819
319 227287	44555
320 185248	70353
321 177700	70033
322 164359	141513
323 172867	253976
324 288764	208751
325 278353	225578
326 223484	190266
327 189499	90410
328 236766	56592
329 251472	82699
330 189135	240656
331 196111	266684
332 207115	177911
333 203593	176101
334 326244	183008
335 375157	129339
336 243197	56390
337 132107	64600
338 76598	111010
339 65635	191374
340 190381	254232
341 241476	238615
342 165038	219939
343 180176	158805
344 346075	61798
345 317923	134045
346 249039	157380
347 367144	105230
348 234082	178680
349 188878	113421
350 196079	64107
351 158551	175885
352 245905	197562
353 354035	121816
354 337069	152100
355 315224	123466
356 359892	65260
357 232421	220597
358 224471	207358
359 254141	85342
360 242082	76894
361 269156	105307
362 314349	148624
363 356923	123470
364 273315	143043
365 282935	103666
366 286700	47497
367 294143	107804
368 231249	200249
369 146694	243644
370 175458	162171
371 176183	137794
372 236152	156514
373 281480	156480
374 272472	149191
375 290633	117280
376 247997	155923
377 230124	176443
378 217585	182383
379 165840	151957
380 106199	122581
381 102818	102977
382 183360	39177
383 224308	105745
384 291369	118308
385 265566	135651
386 230030	212223
387 222725	200720
388 209526	218247
389 210538	175250
390 183481	107164
391 230624	114304
392 238758	105889
393 229250	150394
394 257659	220221
395 226196	218726
396 238145	189087
397 195477	157845
398 165450	116339
399 176844	94602
400 167250	91058
401 238614	88228
402 240280	177174
403 251169	219104
404 243907	185087
405 210110	187318
406 167261	170575
407 150637	126732
408 190760	139754
409 241514	186885
410 276869	278494
411 226449	310452
412 175107	259052
413 183815	228043
414 196609	188025
415 178554	116670
416 180091	149037
417 194147	265774
418 254550	310855
419 242463	320476
420 128157	233742
421 55364	145416
422 70271	176704
423 88642	216715
424 90869	196571
425 222256	171285
426 230116	295075
427 116086	366771
428 126350	288912
429 134662	255108
430 134707	270900
431 113083	320618
432 65170	271202
433 115047	148145
434 151670	133277
435 99815	236305
436 61175	318280
437 127113	389627
438 180361	380216
439 155687	363933
440 111744	332565
441 28398	198854
442 47729	140214
443 87128	167040
444 40507	200698
445 43260	268667
446 139272	394736
447 165638	414275
448 135061	361880
449 78057	293435
450 27791	237202
451 65455	232013
452 80283	249525
453 73116	369234
454 85681	390190
455 85236	375572
456 92554	378724
457 65498	324655
458 36361	296444
459 29838	240571
460 25312	263089
461 26408	351154
462 13795	413195
463 4793	504666
464 7829	448843
465 24561	260334
466 25040	249257
467 26063	357373
468 28769	360738
469 9432	370649
470 129	425792
471 129	446415
472 4788	429742
473 4723	366631
474 10706	410972
475 24285	478752
476 17123	463893
477 3356	449507
478 483	449481
479 6621	447015
480 6794	437710
481 3826	432632
482 14002	430364
483 19583	366948
484 16894	238346
485 12482	201481
486 20620	288707
487 17569	352043
488 17247	407059
489 15998	556742
490 5505	492036
491 6849	331806
492 6443	318904
493 17246	343030
494 17388	403582
495 37790	338789
496 44233	358555
497 26783	440833
498 16075	457552
499 2313	474207
500 2481	404856
501 8655	419095
502 10150	383720
503 36180	297204
504 36202	335262
505 25605	314337
506 70364	263112
507 46686	281548
508 16273	390344
509 18280	483220
510 8705	458760
511 11935	445091
512 50712	374082
513 45231	355244
514 22608	287515
515 106665	118741
516 101818	248055
517 16117	422155
518 36447	411643
519 43457	338438
520 9864	262881
521 7110	319748
522 12906	306067
523 47690	173643
524 68495	277575
525 28753	345821
526 66172	193469
527 84524	165428
528 24443	295419
529 50356	314575
530 48522	305566
531 12069	382302
532 26096	333794
533 88106	225006
534 74158	260696
535 61951	319459
536 89949	322733
537 107936	333506
538 91138	393432
539 23954	393748
540 18213	262174
541 20982	181948
542 32993	199028
543 59390	221766
544 62110	273334
545 137678	355344
546 196854	362296
547 115832	386645
548 37980	372406
549 14936	251373
550 37432	154207
551 72584	134576
552 76347	202480
553 193496	295511
554 279163	321238
555 188323	258107
556 88089	228038
557 24003	286450
558 14018	292265
559 86611	237336
560 165998	226338
561 191595	266574
562 236987	295053
563 229272	233233
564 154666	201306
565 67065	241267
566 20466	222594
567 12335	182675
568 75782	131665
569 154445	111777
570 168748	178374
571 170367	309754
572 192215	317478
573 213117	166849
574 190629	120826
575 120194	195988
576 40499	210579
577 56720	152678
578 207227	126525
579 223798	274241
580 200250	362132
581 251884	236884
582 209923	177557
583 127030	265825
584 69451	277209
585 86351	132643
586 131046	79415
587 205168	153196
588 185969	260474
589 213893	283528
590 241163	201255
591 169630	184125
592 155730	184976
593 109449	249840
594 131466	226110
595 216733	115758
596 150330	216916
597 94590	215233
598 117007	186640
599 168923	251584
600 209551	269432
601 240153	230943
602 220564	135526
603 79871	161567
604 62772	153456
605 144857	102735
606 159510	158060
607 167183	237520
608 219492	241800
609 156780	230708
610 106173	151290
611 137712	87688
612 0	
